0.01	1	4	4
0.52	1	4	4
0.96	2	4	4
1.37	3	4	4
1.8	4	4	4
2.22	1	4	4
2.65	2	4	4
3.08	3	4	4
3.5	4	4	4
3.93	1	4	4
4.36	2	4	4
4.78	3	4	4
5.21	4	4	4
5.63	1	4	4
6.06	2	4	4
6.49	3	4	4
6.92	4	4	4
7.34	1	4	4
7.77	2	4	4
8.19	3	4	4
8.62	4	4	4
9.05	1	4	4
9.48	2	4	4
9.9	3	4	4
10.33	4	4	4
10.75	1	4	4
11.22	2	4	4
11.61	3	4	4
12.07	4	4	4
12.45	1	4	4
12.88	2	4	4
13.35	3	4	4
13.74	4	4	4
14.15	1	4	4
14.63	2	4	4
15.05	3	4	4
15.44	4	4	4
15.82	1	4	4
16.29	2	4	4
16.72	3	4	4
17.18	4	4	4
17.57	1	4	4
18.0	2	4	4
18.46	3	4	4
18.85	4	4	4
19.27	1	4	4
19.74	2	4	4
20.13	3	4	4
20.6	4	4	4
21.02	1	4	4
21.37	2	4	4
21.87	3	4	4
22.3	4	4	4
22.77	1	4	4
23.16	2	4	4
23.54	3	4	4
24.05	4	4	4
24.43	1	4	4
24.82	2	4	4
25.21	3	4	4
25.71	4	4	4
26.13	1	4	4
26.56	2	4	4
26.99	3	4	4
27.38	4	4	4
27.81	1	4	4
28.27	2	4	4
28.69	3	4	4
29.12	4	4	4
29.55	1	4	4
29.97	2	4	4
30.36	3	4	4
30.83	4	4	4
31.25	1	4	4
31.68	2	4	4
32.11	1	4	4
32.53	2	4	4
32.92	3	4	4
33.38	4	4	4
33.81	1	4	4
34.28	2	4	4
34.66	3	4	4
35.09	4	4	4
35.55	1	4	4
35.94	2	4	4
36.37	3	4	4
36.83	4	4	4
37.22	1	4	4
37.65	2	4	4
38.11	3	4	4
38.5	4	4	4
38.93	1	4	4
39.39	2	4	4
39.77	3	4	4
40.2	4	4	4
40.55	1	4	4
40.98	2	4	4
41.36	3	4	4
41.79	4	4	4
42.25	1	4	4
42.64	2	4	4
43.02	3	4	4
43.37	4	4	4
43.72	1	4	4
44.19	2	4	4
44.53	3	4	4
44.97	4	4	4
45.32	1	4	4
45.7	1	4	4
46.09	2	4	4
46.47	3	4	4
46.86	4	4	4
47.25	1	4	4
47.76	2	4	4
48.18	3	4	4
48.6	4	4	4
49.03	1	4	4
49.42	2	4	4
49.81	3	4	4
50.15	4	4	4
50.5	1	4	4
50.97	2	4	4
51.36	3	4	4
51.7	4	4	4
52.05	1	4	4
52.47	2	4	4
52.86	3	4	4
53.29	4	4	4
53.72	1	4	4
54.14	2	4	4
54.58	3	4	4
54.9	4	4	4
55.38	1	4	4
55.73	2	4	4
56.12	3	4	4
56.5	4	4	4
56.9	1	4	4
57.3	2	4	4
57.7	3	4	4
58.09	4	4	4
58.48	1	4	4
58.9	2	4	4
59.33	3	4	4
59.72	4	4	4
