0.52	0.85	62	1
0.85	0.96	62	1
0.96	1.2675	62	1
1.2675	1.37	62	1
1.37	1.6925000000000001	62	1
1.6925000000000001	1.8	62	1
1.8	1.905	62	1
1.905	2.0100000000000002	62	1
2.0100000000000002	2.115	62	1
2.115	2.22	62	1
2.22	2.5425	62	1
2.5425	2.65	62	1
2.65	2.9725	62	1
2.9725	3.08	62	1
3.08	3.395	62	1
3.395	3.5	62	1
3.5	3.6075	62	1
3.6075	3.715	62	1
3.715	3.8225000000000002	62	1
3.8225000000000002	3.93	62	1
3.93	4.2525	62	1
4.2525	4.36	62	1
4.36	4.675000000000001	62	1
4.675000000000001	4.78	62	1
4.78	5.1025	62	1
5.1025	5.21	62	1
5.21	5.3149999999999995	62	1
5.3149999999999995	5.42	57	1
5.42	5.525	57	1
5.525	5.63	60	1
5.63	5.9525	62	1
5.9525	6.275	62	1
6.275	6.3825	62	1
6.3825	6.49	64	1
6.49	6.8125	65	1
6.8125	7.13	65	1
7.13	7.234999999999999	65	1
7.234999999999999	7.34	67	1
7.34	7.6625	64	1
7.6625	7.9799999999999995	64	1
7.9799999999999995	8.084999999999999	62	1
8.084999999999999	8.19	60	1
8.19	8.2975	60	1
8.2975	8.62	62	1
8.835	8.9425	57	1
8.9425	9.05	60	1
9.05	9.3725	62	1
9.3725	9.690000000000001	62	1
9.690000000000001	9.795	62	1
9.795	9.9	64	1
9.9	10.2225	65	1
10.2225	10.54	65	1
10.54	10.645	65	1
10.645	10.75	67	1
10.75	11.102500000000001	64	1
11.102500000000001	11.415	64	1
11.415	11.5125	62	1
11.5125	11.61	60	1
11.61	12.07	62	1
12.26	12.355	57	1
12.355	12.45	60	1
12.45	12.7725	62	1
12.7725	13.115	62	1
13.115	13.2325	62	1
13.2325	13.35	65	1
13.35	13.6425	67	1
13.6425	13.945	67	1
13.945	14.0475	67	1
14.0475	14.15	69	1
14.15	14.510000000000002	70	1
14.510000000000002	14.84	70	1
14.84	14.945	69	1
14.945	15.05	67	1
15.05	15.1475	69	1
15.1475	15.44	62	1
15.629999999999999	15.725	62	1
15.725	15.82	64	1
15.82	16.1725	65	1
16.1725	16.505	65	1
16.505	16.72	67	1
16.72	16.835	69	1
16.835	17.18	62	1
17.375	17.4725	62	1
17.4725	17.57	65	1
17.57	17.8925	64	1
17.8925	18.23	64	1
18.23	18.345	65	1
18.345	18.46	62	1
18.46	18.85	64	1
19.060000000000002	19.165	69	1
19.165	19.27	72	1
19.27	19.6225	74	1
19.6225	19.935	74	1
19.935	20.0325	74	1
20.0325	20.13	76	1
20.13	20.4825	77	1
20.4825	20.810000000000002	77	1
20.810000000000002	20.915	77	1
20.915	21.02	79	1
21.02	21.2825	76	1
21.2825	21.62	76	1
21.62	21.745	74	1
21.745	21.87	72	1
21.87	21.9775	72	1
21.9775	22.3	74	1
22.535	22.6525	69	1
22.6525	22.77	72	1
22.77	23.0625	74	1
23.0625	23.35	74	1
23.35	23.445	74	1
23.445	23.54	76	1
23.54	23.9225	77	1
23.9225	24.240000000000002	77	1
24.240000000000002	24.335	77	1
24.335	24.43	79	1
24.43	24.7225	76	1
24.7225	25.015	76	1
25.015	25.1125	74	1
25.1125	25.21	72	1
25.21	25.71	74	1
25.92	26.025	69	1
26.025	26.13	72	1
26.13	26.4525	74	1
26.4525	26.775	74	1
26.775	26.8825	74	1
26.8825	26.99	77	1
26.99	27.2825	79	1
27.2825	27.595	79	1
27.595	27.7025	79	1
27.7025	27.81	81	1
27.81	28.155	82	1
28.155	28.48	82	1
28.48	28.585	81	1
28.585	28.69	79	1
28.69	28.7975	81	1
28.7975	29.12	74	1
29.335	29.442500000000003	74	1
29.442500000000003	29.55	76	1
29.55	29.865	77	1
29.865	30.165	77	1
30.165	30.36	79	1
30.36	30.4775	81	1
30.4775	30.83	74	1
31.04	31.145	74	1
31.145	31.25	77	1
31.25	31.572499999999998	76	1
31.572499999999998	31.895	76	1
31.895	32.0025	74	1
32.0025	32.11	73	1
32.11	32.425	74	1
32.425	32.725	74	1
32.725	32.92	76	1
32.92	33.265	77	1
33.265	33.38	77	1
33.38	33.487500000000004	77	1
33.487500000000004	33.595	79	1
33.595	33.81	79	1
33.81	34.47	81	1
34.47	34.565	77	1
34.565	34.66	74	1
34.66	35.09	69	1
35.55	36.155	82	1
36.155	36.262499999999996	77	1
36.262499999999996	36.37	74	1
36.37	36.83	70	1
37.22	37.65	64	1
37.65	38.11	62	1
38.11	38.5	61	1
38.715	38.8225	61	1
38.8225	38.93	64	1
38.93	39.275	69	1
39.275	39.58	69	1
39.58	39.77	69	1
39.77	39.877500000000005	70	1
39.877500000000005	40.2	69	1
40.55	40.872499999999995	67	1
40.872499999999995	41.17	67	1
41.17	41.36	67	1
41.36	41.575	67	1
41.575	41.79	69	1
42.445	42.735	69	1
42.735	43.02	69	1
43.02	43.195	70	1
43.195	43.37	69	1
43.955	44.275	67	1
44.275	44.53	65	1
44.53	44.97	64	1
44.97	45.32	62	1
45.415	45.510000000000005	62	1
45.510000000000005	45.605000000000004	62	1
45.605000000000004	45.7	64	1
45.7	46.28	65	1
46.28	46.375	67	1
46.375	46.47	69	1
46.47	46.7625	67	1
46.7625	47.055	65	1
47.055	47.25	64	1
47.25	47.6325	65	1
47.6325	47.97	67	1
47.97	48.18	69	1
48.18	48.6	67	1
48.7075	48.815	65	1
48.815	48.9225	65	1
48.9225	49.03	67	1
49.03	49.615	69	1
49.615	49.712500000000006	67	1
49.712500000000006	49.81	65	1
49.81	50.065	64	1
50.065	50.325	65	1
50.325	50.5	64	1
50.5	50.6175	64	1
50.6175	50.97	64	1
50.97	51.53	62	1
51.53	51.7	60	1
51.7	52.05	62	1
52.155	52.26	62	1
52.26	52.364999999999995	62	1
52.364999999999995	52.47	64	1
52.47	53.075	65	1
53.075	53.1825	64	1
53.1825	53.29	65	1
53.29	53.6125	67	1
53.6125	53.93	65	1
53.93	54.14	67	1
54.14	54.36	69	1
54.36	54.58	69	1
54.66	54.9	67	1
54.9	55.14	65	1
55.14	55.73	62	1
55.73	55.8275	62	1
55.8275	55.925	62	1
55.925	56.214999999999996	65	1
56.214999999999996	56.5	67	1
56.5	56.7	69	1
56.7	57.0	70	1
57.0	57.3	62	1
57.3	57.5	67	1
57.5	57.895	65	1
57.895	58.09	67	1
58.09	58.48	62	1
58.584999999999994	58.69	64	1
58.69	58.9	61	1
58.9	59.114999999999995	61	1
59.114999999999995	59.33	62	1
59.525	59.72	62	1
